Rd: 24.874112040953896
Rg: 19.011316930742534
Rb: 8.738551582734589
Ra: 13.224955587546699
a0: 0.0007685438137359954
gms: -1.8021463343383226
hmin: 4.611741324716512
mmin: -2.2119989764629984
qinf: 15.230116836285221
q10: 26.56605116870329
qg: 4.828163160343213
qd: 3.529599216178949
qa: 16.694701060496197
smax: -1.3664321443635128
sh: -9.109369409365655
thinf: -66.32342795727439
thi2: -18.523589643396065
thi1: -45.42365123129122
tha: -43.55336286422321
vvs: -4.703616923687892
vvh: -83.88308062646063
vhalfs: -50.102056242023636
zetas: 36.56163586673179
