{ "a1_0" : 69.69213916785645,
  "a1_1" : 0.8322561384849374,
  "b1_0" : 0.053318071529531635,
  "b1_1" : 4.7405530287730535,
  "a2_0" : 1156.933892882868,
  "a2_1" : 0.8699324501197686,
  "b2_0" : 41.409279270907604,
  "b2_1" : 5.995497534908334,
  "a3_0" : 441.8443377750559,
  "a3_1" : 0.31111050755712066,
  "b3_0" : 25.87604508307024,
  "b3_1" : 0.1425245677420343,
  "bh_0" : 66.13687528939371,
  "bh_1" : 10.019795971029497, 
  "bh_2" : 2.1760991677578785,
  "ah_0" : 0.02351699603160466,
  "ah_1" : 707.5482094497809,
  "ah_2" : 1.2037138605843256,
  "vShift" : 16.740391631625133,
  "vShift_inact" : 19.134382730889705 
}
