Ena: 74.80214159645962
Rd: 10.248333984844265
Rg: -11.787889344024943
Rb: 5.379836368613567
Ra: 23.348740049911463
a0: 0.001910096294726571
gms: 0.5170292347760252
hmin: 5.350135478953103
mmin: -27.908450190919506
qinf: 13.45062463317999
q10: 19.84425485325817
qg: 4.778169692273556
qd: 0.703910540683331
qa: 30.068286304027634
smax: 22.18244572393789
sh: 18.469149830139635
thinf: -52.51781876990158
thi2: -48.66230219732621
thi1: -44.49441070500109
tha: -13.29344309999125
vvs: 3.2563050567887117
vvh: -64.40469430214644
vhalfs: -60.61838877226451
zetas: -16.225502161985577
