Ena: 26.16290131186328
Rd: -12.0101639601674
Rg: 27.196053413117404
Rb: 1.9469861884994089
Ra: 30.39306382908601
a0: 0.0017907215184697748
gms: 23.785261506905094
hmin: 4.92857518968744
mmin: -26.241045324281977
qinf: 8.086106428222955
q10: 26.222313051782375
qg: 2.5274060622463557
qd: 0.16975232812307933
qa: 12.616856862863338
smax: 38.90427040109758
sh: 23.1201609106394
thinf: -51.93850700235751
thi2: -59.251307951503705
thi1: -35.96725564810401
tha: -42.12510135698245
vvs: 31.930246378525663
vvh: -65.11348041971499
vhalfs: -59.37453417493945
zetas: 27.768467864639433
