{
"a1_0": 	415.3060312,
"a1_1": 	0.1330362098,
"b1_0": 	5.713416367,
"b1_1": 	0.03738519647,
"a2_0": 	92.09250008,
"a2_1": 	0.03096863789,
"b2_0": 	4.376936784,
"b2_1": 	0.000004789798283,
"a3_0": 	317.5033075,
"a3_1": 	0.01456996659,
"b3_0": 	94.3529976,
"b3_1": 	0.000004197568077,
"bh_0": 	1.157068242,
"bh_1": 	1.125420836,
"bh_2": 	0.08016507562,
"ah_0": 	1.449473463,
"ah_1": 	5472.451652,
"ah_2": 	0.06853252696,
"vShift": 	21.16347821,
"vShift_inact": 	-15.5224286,
"maxrate": 	31421.04673,
"ahfactor": 	2.009374801,
"bhfactor": 	1.309039173
}
