{"a1_0" :	9.620300982,
"a1_1" :	0.2199343183,
"b1_0" :	8.233969115,
"b1_1":	 0.0966344182,
"a2_0":	380.8108085,
"a2_1":	0.000458954948,
"b2_0":	3.487375416,
"b2_1":	0.02622069036,
"a3_0":	128.660546,
"a3_1":	0.01352196937,
"b3_0":	83.01986699,
"b3_1":	0.0008620403821,
"bh_0":	0.07974238837,
"bh_1":	0.8827668558,
"bh_2":	0.11733442,
"ah_0":	5.487455057,
"ah_1":	988.1231282,
"ah_2":	0.03168072639,
"vShift":	-18.80678795,
"vShift_inact":	-12.22719908,
"maxrate":	28029.12347,
"ahfactor":	4.56230435,
"bhfactor":	10.43030132}