{"A_WT":[8.0, -28.76,5.41,0.3282,0.1,-37.651,-30.0,0.5,1.5,0.02,0.01, 2.0,0.01,0.02657, -48.4785, 7.69, -60.0, 0.0003, 12.0,0.2,10.0,-58.0,2.0,55.0],
"N_WT": [44.27436588373431, -69.03438948097099, 8.16188133521619, 0.828417435450995, 0.8891078591986645, -138.1951377492058, -80.43292135609566, 11.799302849120902, 16.202176030853114, 0.07903199185668278, 0.4179331135132167, 8.669117068344866, 0.007210426886067888, 0.04062998435873792, -48.662527658691296, 7.528059083909958, -14.95425308383736, 0.03504998409582081, 58.63940934706251, 2.0199616582450974, 93.61195613194697, -92.65941768484979, 17.420101364601695, 61.34691619540693],
"A_T400R": [40.6518011826718, -68.45892040077595, 8.181666327213588, 1.8742317802329294, 1.3082330079972362, -9.04426338852739, -54.76293708028784, 10.485594005027018, 17.671084457713462, 0.034787065828635326, 0.21494047585551085, 8.58846797647392, 0.029781461742604185, 0.14652470096376696, -51.68700463245487, 8.185824645523601, -13.54798895332122, 0.05810506573617848, 40.8735721471482, 1.9800603003428943, 22.16027055518856, -96.66272614384832, -38.58008401623804, 56.14941520049753],
"A_I1640N": [27.4677760882723, -42.980296609748706, 7.864306086123626, 1.4328135413941787, 0.7547216561002839, -9.124686050925362, -141.21669069542406, 14.739003462233462, 17.14291399492643, 0.03883063398342182, 0.3135167871417622, 0.8576849536222086, 0.17709014475115353, 0.04581040037374494, -37.54662570353862, 6.417598713007041, -104.98495469959721, 0.0037801011712472014, 78.01621632908865, 1.8604662417048952, 134.0261151313225, -127.42347700274674, 48.369138032862715, 62.85140772590833],
"A_M1770L": [23.451884046049866, -31.176490074778304, 9.552185539334623, 0.9559408852324875, 0.3926380881565123, -3.838037039163133, -70.58367893275151, 14.536893341433984, 5.49887590238456, 0.23529432767623584, 0.48499721646606, 11.524804347900913, 0.023321224854688734, 0.0068081589589724135, -37.17470260097235, 5.7131201219438115, -45.08613359258655, 0.028124534790754233, 55.083803568789165, 0.42521067845368005, 12.307699645497175, -59.01998210239223, -2.2381015100814468, 45.93623485950239],
"N_M1770L": [10.426664954529919, -31.59238882524342, 11.830401008914446, 1.1283440945729053, 0.8674912423824162, -2.9466592337147843, -39.14039489727244, 5.610458737700859, 10.619475050006756, 0.052066706915746296, 0.34775003858989034, 2.774365129918568, 0.18785130475961453, 0.08447608909268904, -40.65731702007488, 6.527807097695284, -4.816019349573889, 0.012230094434968235, 16.556036597760365, 1.6679641567829997, 22.418296358842937, -65.90456248822025, -40.11439053408888, 53.64998269466407],
"N_T400R": [13.394339943469646, -39.625752765869876, 6.135512869093584, 1.18392664132151, 0.9263705914059289, -74.70032240014096, -42.20131035107246, 2.9993821716492413, 6.106771592846204, 0.012568120584371439, 0.28806180042669816, 1.5660947159459495, 0.019579479079238307, 0.19742087310568124, -42.32798865747712, 7.00643267032095, -107.98490389554813, 0.0022042861145403483, 1.7812123367008068, 0.16442322775634977, 85.44561489331176, -149.68248682261518, 31.95831939691139, 51.42102571023927]
}





