{"A_wt": [35.336491999433214, -62.922265018227336, 6.653227770670037, 1.6085194858985032, 1.9610096541498063, -25.131096837653246, -32.726622036137094, 7.4088907890561, 6.087139449301829, 0.04977262720771908, 0.34972666166850597, 8.285176002785123, 0.012852797938524651, 0.02881186435129404, -48.48440841793984, 7.760131602919982, -34.078061414435986, 0.08584137995548408, 79.9573778064748, 1.2622891269923364, 72.38254906735173, -72.65001663340412, 40.10652134477391, 49.56803729217332],
"N_wt": [1.1952709921582994, -22.80239722482162, 6.3883855227422615, 0.6670789045453551, 0.5717301304731155, -31.762591591081616, -33.862981960682795, 1.3494449749360242, 14.431044207709794, 0.012690968281816737, 0.4952600108453797, 17.18970673236132, 0.17707084231091497, 0.07720400797791505, -48.21729915580596, 8.219104202358405, -21.41086279655988, 0.08511606093120376, 57.44410555238301, 1.0641532855198264, 37.2285597605962, -2.0540057939966405, -10.160283725364351, 48.84121127796614],
"A_T400R": [40.6518011826718, -68.45892040077595, 8.181666327213588, 1.8742317802329294, 1.3082330079972362, -9.04426338852739, -54.76293708028784, 10.485594005027018, 17.671084457713462, 0.034787065828635326, 0.21494047585551085, 8.58846797647392, 0.029781461742604185, 0.14652470096376696, -51.68700463245487, 8.185824645523601, -13.54798895332122, 0.05810506573617848, 40.8735721471482, 1.9800603003428943, 22.16027055518856, -96.66272614384832, -38.58008401623804, 56.14941520049753],
"A_I1640N": [27.4677760882723, -42.980296609748706, 7.864306086123626, 1.4328135413941787, 0.7547216561002839, -9.124686050925362, -141.21669069542406, 14.739003462233462, 17.14291399492643, 0.03883063398342182, 0.3135167871417622, 0.8576849536222086, 0.17709014475115353, 0.04581040037374494, -37.54662570353862, 6.417598713007041, -104.98495469959721, 0.0037801011712472014, 78.01621632908865, 1.8604662417048952, 134.0261151313225, -127.42347700274674, 48.369138032862715, 62.85140772590833],
"A_M1770L": [32.32249252566475, -46.146914287332386, 6.39083311827099, 1.1158825332001927, 0.45763902303681514, -59.55628430647726, -1.1473903682598587, 3.3534220853944654, 6.7720408094113616, 0.002805824438747819, 0.1999722617889675, 9.989961383198924, 0.02898835916666572, 0.07102418360776228, -37.34837256712587, 6.273904637881909, -47.893670302262244, 0.0994875868699693, 15.933585166529632, 1.6299835475271516, 81.46229892544486, -84.86682533014762, -36.58431632733462, 62.42064952583066],
"N_M1770L": [45.353399740994, -71.44475319839262, 9.049614523490437, 1.7033371913662, 1.702544262269226, -106.52988418311638, -10.009117820717849, 6.3338935820262465, 19.79912997531531, 0.019435320718467798, 0.3819578502115164, 5.366602067203054, 0.06236580449160438, 0.043153683840120666, -40.00312200402793, 6.67536381430679, -45.96444719900555, 0.04246044078961921, 34.33567880373857, 2.2495048599586385, 27.859683298979547, -8.049206578441456, -30.568695118565934, 46.97858857495443],
"N_T400R": [13.394339943469646, -39.625752765869876, 6.135512869093584, 1.18392664132151, 0.9263705914059289, -74.70032240014096, -42.20131035107246, 2.9993821716492413, 6.106771592846204, 0.012568120584371439, 0.28806180042669816, 1.5660947159459495, 0.019579479079238307, 0.19742087310568124, -42.32798865747712, 7.00643267032095, -107.98490389554813, 0.0022042861145403483, 1.7812123367008068, 0.16442322775634977, 85.44561489331176, -149.68248682261518, 31.95831939691139, 51.42102571023927]
}





