Rd: 10.734226936387852
Rg: -10.271489184198678
Rb: 20.976261316788044
Ra: 15.087507264495498
a0: 0.0012068731244843347
gms: -20.78412848526113
hmin: 4.986490306669404
mmin: -25.31966844759648
qinf: 12.81671380824594
q10: 29.416027683349625
qg: 10.209653868058588
qd: 3.4789893668137992
qa: 9.965019324574808
smax: 26.687500326380444
sh: -6.838889421339937
thinf: -38.34174699052479
thi2: -32.17513985969682
thi1: -43.17824111414154
tha: -38.45214198053108
vvs: 12.121197253297774
vvh: -66.70396584878556
vhalfs: -84.99631081919347
zetas: -9.361196476458337
