{"sh_na16": 1.0019229126316949,
 "tha_na16": -33.26933969463154,
 "qa_na16": 10.004271847066153,
 "Ra_na16": 0.7335376787658044,
 "Rb_na16": 0.9401085939977893,
 "thi1_na16": -77.65374755567476,
 "thi2_na16": -27.960245182397188,
 "qd_na16": 5.2298349651335485,
 "qg_na16": 9.05241660394635,
 "mmin_na16": 0.029102217505753286,
 "hmin_na16": 0.0327626696932298,
 "q10_na16": 7.195878576945624,
 "Rg_na16": 0.025020141553185195,
 "Rd_na16": 0.0011922450783193475,
 "thinf_na16": -25.714150627750932,
 "qinf_na16": 11.925063177015016,
 "vhalfs_na16": -72.93567814612521,
 "a0s_na16": 0.04114000010389449,
 "zetas_na16": 33.05350131089043,
 "gms_na16": 0.5591740024105355,
 "smax_na16": 99.24611009956726,
 "vvh_na16": -93.3670652680236,
 "vvs_na16": 3.127003829401273}