{"sh_na16mut": 32.73851115754395,
 "tha_na16mut": -53.32346860298238,
 "qa_na16mut": 20.863690166997124,
 "Ra_na16mut": 1.4914054647582742,
 "Rb_na16mut": 1.6951006052145423,
 "thi1_na16mut": -1.4872800348708788,
 "thi2_na16mut": -88.67973887752034,
 "qd_na16mut": 5.797378609423669,
 "qg_na16mut": 13.805815124973137,
 "mmin_na16mut": 0.0901337451331478,
 "hmin_na16mut": 0.044259692414845196,
 "q10_na16mut": 1.939580037393916,
 "Rg_na16mut": 0.09889478264272708,
 "Rd_na16mut": 0.07289359857855615,
 "thinf_na16mut": -36.22950379848811,
 "qinf_na16mut": 5.118753232225439,
 "vhalfs_na16mut": -83.37360152685467,
 "a0s_na16mut": 0.03425133089423892,
 "zetas_na16mut": 59.4269787456734,
 "gms_na16mut": 2.1338228877077694,
 "smax_na16mut": 109.03612186562813,
 "vvh_na16mut": -100.52073776593286,
 "vvs_na16mut": 47.12069582410738}
